Accuracy: 0.8764705882352941
Precision: 0.8325281803542673
Recall: 0.8298555377207063
F1-score: 0.8311897106109325
ROC AUC: 0.9279506863933016
