Accuracy: 0.8705882352941177
Precision: 0.8203497615262321
Recall: 0.8282504012841091
F1-score: 0.8242811501597443
ROC AUC: 0.90626271478201
