Accuracy: 0.8764705882352941
Precision: 0.8346839546191248
Recall: 0.826645264847512
F1-score: 0.8306451612903226
ROC AUC: 0.9266957886406417
