Accuracy: 0.8805882352941177
Precision: 0.8387096774193549
Recall: 0.8346709470304976
F1-score: 0.8366854384553499
ROC AUC: 0.9278158072405513
