Accuracy: 0.8729411764705882
Precision: 0.8256
Recall: 0.8282504012841091
F1-score: 0.8269230769230769
ROC AUC: 0.9045383481551363
