Accuracy: 0.8682352941176471
Precision: 0.8151658767772512
Recall: 0.8282504012841091
F1-score: 0.8216560509554139
ROC AUC: 0.9303814918975633
