Accuracy: 0.8811764705882353
Precision: 0.840064620355412
Recall: 0.8346709470304976
F1-score: 0.8373590982286635
ROC AUC: 0.9261011280666377
