Accuracy: 0.8717647058823529
Precision: 0.820919175911252
Recall: 0.8314606741573034
F1-score: 0.8261562998405103
ROC AUC: 0.9069065578095028
