Accuracy: 0.8705882352941177
Precision: 0.8287112561174551
Recall: 0.8154093097913323
F1-score: 0.8220064724919094
ROC AUC: 0.927023671663902
